utm_origin_lat: 47.69405596312653
utm_origin_lon: 17.62866888484998