utm_origin_lat: 46.88072916004543
utm_origin_lon: 16.83982824889525