utm_origin_lat: 46.894188434576925
utm_origin_lon: 16.834861347101725